id	jp_id_ref	category	source_file	offset	record_index	raw_hex	jp_text	zh_text	control_tokens	status	length_risk	context_required	translator_note	qa_note	source_byte_len	chunk_row_index	prev_jp_text	next_jp_text
zh_txt_f5dfebb1_00001A_0000	txt_f5dfebb1_00001A_0000	message	msg/fld/evt/036.m	0x1A	0	81 75 82 c8 82 9f 81 40 83 57 83 43 82 bf 82 e1 82 f1 81 40 97 ec 8f 62 81 69 82 ea 82 a2 82 b6 82 e3 82 a4 81 6a 82 cc 81 40 82 a9 82 aa 82 dd 82 cc 01 00 82 a0 82 e9 82 c6 82 b1 82 eb 82 f0 81 40 82 a8 82 b5 82 a6 82 c4 82 ad 82 ea 82 c1 82 c4 82 ce 82 e6 81 76 03 00	「なぁ　ジイちゃん　霊獣（れいじゅう）の　かがみの{CTRL_0001}あるところを　おしえてくれってばよ」	喂老爷爷快说{CTRL_0001}封灵兽的镜子在哪                                              	CTRL_0001	translated_aligned	ok	yes		candidate dump; confirm boundary/control codes before baseline freeze	90	0	「とにかく　それまで　わたしたちだけで{CTRL_0001}さがしましょう！」	「ＺＺＺＺＺＺ・・・・・・」
zh_txt_f5dfebb1_00007C_0001	txt_f5dfebb1_00007C_0001	message	msg/fld/evt/036.m	0x7C	1	81 75 82 79 82 79 82 79 82 79 82 79 82 79 81 45 81 45 81 45 81 45 81 45 81 45 81 76 03 00	「ＺＺＺＺＺＺ・・・・・・」	呼噜呼噜                  		translated_aligned	ok	yes		candidate dump; confirm boundary/control codes before baseline freeze	30	1	「なぁ　ジイちゃん　霊獣（れいじゅう）の　かがみの{CTRL_0001}あるところを　おしえてくれってばよ」	「ジイちゃん！　なんとか　いってくれってばよ！！」
zh_txt_f5dfebb1_0000AE_0002	txt_f5dfebb1_0000AE_0002	message	msg/fld/evt/036.m	0xAE	2	81 75 83 57 83 43 82 bf 82 e1 82 f1 81 49 81 40 82 c8 82 f1 82 c6 82 a9 81 40 82 a2 82 c1 82 c4 82 ad 82 ea 82 c1 82 c4 82 ce 82 e6 81 49 81 49 81 76 03 00	「ジイちゃん！　なんとか　いってくれってばよ！！」	老爷爷你说句话                               		translated_aligned	ok	yes		candidate dump; confirm boundary/control codes before baseline freeze	52	2	「ＺＺＺＺＺＺ・・・・・・」	「むにゃ　むにゃ　むにゃ・・・{CTRL_0001}ＺＺＺＺＺＺ・・・・・・」
zh_txt_f5dfebb1_0000EA_0003	txt_f5dfebb1_0000EA_0003	message	msg/fld/evt/036.m	0xEA	3	81 75 82 de 82 c9 82 e1 81 40 82 de 82 c9 82 e1 81 40 82 de 82 c9 82 e1 81 45 81 45 81 45 01 00 82 79 82 79 82 79 82 79 82 79 82 79 81 45 81 45 81 45 81 45 81 45 81 45 81 76 03 00	「むにゃ　むにゃ　むにゃ・・・{CTRL_0001}ＺＺＺＺＺＺ・・・・・・」	唔喵唔喵唔喵{CTRL_0001}ＺＺＺＺＺＺ・・・・・・    	CTRL_0001	translated_aligned	ok	yes		candidate dump; confirm boundary/control codes before baseline freeze	60	3	「ジイちゃん！　なんとか　いってくれってばよ！！」	「ダメだこりゃ・・・　おきそうに　ないな」
zh_txt_f5dfebb1_00013C_0004	txt_f5dfebb1_00013C_0004	message	msg/fld/evt/036.m	0x13C	4	81 75 83 5f 83 81 82 be 82 b1 82 e8 82 e1 81 45 81 45 81 45 81 40 82 a8 82 ab 82 bb 82 a4 82 c9 81 40 82 c8 82 a2 82 c8 81 76 03 00	「ダメだこりゃ・・・　おきそうに　ないな」	不行他醒不了                          		translated_aligned	ok	yes		candidate dump; confirm boundary/control codes before baseline freeze	44	4	「むにゃ　むにゃ　むにゃ・・・{CTRL_0001}ＺＺＺＺＺＺ・・・・・・」	「ナルト　もっと　おおきな　こえで{CTRL_0001}おじいさんを　おこしましょ」
zh_txt_f5dfebb1_00017C_0005	txt_f5dfebb1_00017C_0005	message	msg/fld/evt/036.m	0x17C	5	81 75 83 69 83 8b 83 67 81 40 82 e0 82 c1 82 c6 81 40 82 a8 82 a8 82 ab 82 c8 81 40 82 b1 82 a6 82 c5 01 00 82 a8 82 b6 82 a2 82 b3 82 f1 82 f0 81 40 82 a8 82 b1 82 b5 82 dc 82 b5 82 e5 81 76 03 00	「ナルト　もっと　おおきな　こえで{CTRL_0001}おじいさんを　おこしましょ」	鸣人再大声些{CTRL_0001}把老爷爷叫醒                            	CTRL_0001	translated_aligned	ok	yes		candidate dump; confirm boundary/control codes before baseline freeze	66	5	「ダメだこりゃ・・・　おきそうに　ないな」	マイクにむかって　よびかけろ！！
zh_txt_f5dfebb1_0001C6_0006	txt_f5dfebb1_0001C6_0006	message	msg/fld/evt/036.m	0x1C6	6	83 7d 83 43 83 4e 82 c9 82 de 82 a9 82 c1 82 c4 81 40 82 e6 82 d1 82 a9 82 af 82 eb 81 49 81 49	マイクにむかって　よびかけろ！！	对着麦克风喊！！        		translated_aligned	ok	yes		candidate dump; confirm boundary/control codes before baseline freeze	32	6	「ナルト　もっと　おおきな　こえで{CTRL_0001}おじいさんを　おこしましょ」	「よぉし！　もっと　{CTRL_0103}{CTRL_0002}でかいこえで{CTRL_0001}ジイちゃんに　よびかける{CTRL_0103}{CTRL_0000}ってばよ！！」
zh_txt_f5dfebb1_0001FC_0007	txt_f5dfebb1_0001FC_0007	message	msg/fld/evt/036.m	0x1FC	7	81 75 82 e6 82 a7 82 b5 81 49 81 40 82 e0 82 c1 82 c6 81 40 03 01 02 00 82 c5 82 a9 82 a2 82 b1 82 a6 82 c5 01 00 83 57 83 43 82 bf 82 e1 82 f1 82 c9 81 40 82 e6 82 d1 82 a9 82 af 82 e9 03 01 00 00 82 c1 82 c4 82 ce 82 e6 81 49 81 49 81 76 03 00	「よぉし！　もっと　{CTRL_0103}{CTRL_0002}でかいこえで{CTRL_0001}ジイちゃんに　よびかける{CTRL_0103}{CTRL_0000}ってばよ！！」	好用{CTRL_0103}{CTRL_0002}更大声音{CTRL_0001}叫醒老爷爷{CTRL_0103}{CTRL_0000}吧                                    	CTRL_0103 CTRL_0002 CTRL_0001 CTRL_0103 CTRL_0000	translated_aligned	ok	yes		candidate dump; confirm boundary/control codes before baseline freeze	82	7	マイクにむかって　よびかけろ！！	「・・・ぜんぜん　きこえてねェみてーだな」
zh_txt_f5dfebb1_000264_0008	txt_f5dfebb1_000264_0008	message	msg/fld/evt/036.m	0x264	8	81 75 81 45 81 45 81 45 82 ba 82 f1 82 ba 82 f1 81 40 82 ab 82 b1 82 a6 82 c4 82 cb 83 46 82 dd 82 c4 81 5b 82 be 82 c8 81 76 03 00	「・・・ぜんぜん　きこえてねェみてーだな」	他好像听不见                          		translated_aligned	ok	yes		candidate dump; confirm boundary/control codes before baseline freeze	44	8	「よぉし！　もっと　{CTRL_0103}{CTRL_0002}でかいこえで{CTRL_0001}ジイちゃんに　よびかける{CTRL_0103}{CTRL_0000}ってばよ！！」	「まだまだ　こんなもんじゃないってばよ！！」
zh_txt_f5dfebb1_0002A4_0009	txt_f5dfebb1_0002A4_0009	message	msg/fld/evt/036.m	0x2A4	9	81 75 82 dc 82 be 82 dc 82 be 81 40 82 b1 82 f1 82 c8 82 e0 82 f1 82 b6 82 e1 82 c8 82 a2 82 c1 82 c4 82 ce 82 e6 81 49 81 49 81 76 03 00	「まだまだ　こんなもんじゃないってばよ！！」	还不够大声                               		translated_aligned	ok	yes		candidate dump; confirm boundary/control codes before baseline freeze	46	9	「・・・ぜんぜん　きこえてねェみてーだな」	「めんどくせーなぁ　・・・おい　チョウジ！！」
zh_txt_f5dfebb1_0002E8_0010	txt_f5dfebb1_0002E8_0010	message	msg/fld/evt/036.m	0x2E8	10	81 75 82 df 82 f1 82 c7 82 ad 82 b9 81 5b 82 c8 82 9f 81 40 81 45 81 45 81 45 82 a8 82 a2 81 40 83 60 83 87 83 45 83 57 81 49 81 49 81 76 03 00	「めんどくせーなぁ　・・・おい　チョウジ！！」	真麻烦啊喂丁次                           		translated_aligned	ok	yes		candidate dump; confirm boundary/control codes before baseline freeze	48	10	「まだまだ　こんなもんじゃないってばよ！！」	「よぉし！　まかせてよ！！」
zh_txt_f5dfebb1_00032C_0011	txt_f5dfebb1_00032C_0011	message	msg/fld/evt/036.m	0x32C	11	81 75 82 e6 82 a7 82 b5 81 49 81 40 82 dc 82 a9 82 b9 82 c4 82 e6 81 49 81 49 81 76 03 00	「よぉし！　まかせてよ！！」	好交给我吧               		translated_aligned	ok	yes		candidate dump; confirm boundary/control codes before baseline freeze	30	11	「めんどくせーなぁ　・・・おい　チョウジ！！」	「ポッチャリけい　バンザーーーーイ！！！！」
zh_txt_f5dfebb1_000356_0012	txt_f5dfebb1_000356_0012	message	msg/fld/evt/036.m	0x356	12	81 75 83 7c 83 62 83 60 83 83 83 8a 82 af 82 a2 81 40 83 6f 83 93 83 55 81 5b 81 5b 81 5b 81 5b 83 43 81 49 81 49 81 49 81 49 81 76 03 00	「ポッチャリけい　バンザーーーーイ！！！！」	微胖系万岁                               		translated_aligned	ok	yes		candidate dump; confirm boundary/control codes before baseline freeze	46	12	「よぉし！　まかせてよ！！」	「おおおおお！！！　なんじゃ　そんな　ところに{CTRL_0001}ひとが　おったのか！　なにか　ようかい？」
zh_txt_f5dfebb1_000388_0013	txt_f5dfebb1_000388_0013	message	msg/fld/evt/036.m	0x388	13	81 75 82 a8 82 a8 82 a8 82 a8 82 a8 81 49 81 49 81 49 81 40 82 c8 82 f1 82 b6 82 e1 81 40 82 bb 82 f1 82 c8 81 40 82 c6 82 b1 82 eb 82 c9 01 00 82 d0 82 c6 82 aa 81 40 82 a8 82 c1 82 bd 82 cc 82 a9 81 49 81 40 82 c8 82 c9 82 a9 81 40 82 e6 82 a4 82 a9 82 a2 81 48 81 76 03 00	「おおおおお！！！　なんじゃ　そんな　ところに{CTRL_0001}ひとが　おったのか！　なにか　ようかい？」	哦哦你们怎在{CTRL_0001}那边有事吗                                                         	CTRL_0001	translated_aligned	ok	yes		candidate dump; confirm boundary/control codes before baseline freeze	92	13	「ポッチャリけい　バンザーーーーイ！！！！」	「ジイちゃん！　かがみが　どこに　あるか{CTRL_0001}おしえてくれってばよ！！」
zh_txt_f5dfebb1_0003F8_0014	txt_f5dfebb1_0003F8_0014	message	msg/fld/evt/036.m	0x3F8	14	81 75 83 57 83 43 82 bf 82 e1 82 f1 81 49 81 40 82 a9 82 aa 82 dd 82 aa 81 40 82 c7 82 b1 82 c9 81 40 82 a0 82 e9 82 a9 01 00 82 a8 82 b5 82 a6 82 c4 82 ad 82 ea 82 c1 82 c4 82 ce 82 e6 81 49 81 49 81 76 03 00	「ジイちゃん！　かがみが　どこに　あるか{CTRL_0001}おしえてくれってばよ！！」	老爷爷快说{CTRL_0001}镜子到底在哪                                   	CTRL_0001	translated_aligned	ok	yes		candidate dump; confirm boundary/control codes before baseline freeze	70	14	「おおおおお！！！　なんじゃ　そんな　ところに{CTRL_0001}ひとが　おったのか！　なにか　ようかい？」	「・・・かがみ？　かがみって　なんじゃ？」
zh_txt_f5dfebb1_000446_0015	txt_f5dfebb1_000446_0015	message	msg/fld/evt/036.m	0x446	15	81 75 81 45 81 45 81 45 82 a9 82 aa 82 dd 81 48 81 40 82 a9 82 aa 82 dd 82 c1 82 c4 81 40 82 c8 82 f1 82 b6 82 e1 81 48 81 76 03 00	「・・・かがみ？　かがみって　なんじゃ？」	镜子？那是啥                          		translated_aligned	ok	yes		candidate dump; confirm boundary/control codes before baseline freeze	44	15	「ジイちゃん！　かがみが　どこに　あるか{CTRL_0001}おしえてくれってばよ！！」	「霊獣を　封印（ふういん）する　かがみだってばよ！！」
zh_txt_f5dfebb1_000486_0016	txt_f5dfebb1_000486_0016	message	msg/fld/evt/036.m	0x486	16	81 75 97 ec 8f 62 82 f0 81 40 95 95 88 f3 81 69 82 d3 82 a4 82 a2 82 f1 81 6a 82 b7 82 e9 81 40 82 a9 82 aa 82 dd 82 be 82 c1 82 c4 82 ce 82 e6 81 49 81 49 81 76 03 00	「霊獣を　封印（ふういん）する　かがみだってばよ！！」	就是封灵兽镜子                                   		translated_aligned	ok	yes		candidate dump; confirm boundary/control codes before baseline freeze	56	16	「・・・かがみ？　かがみって　なんじゃ？」	「・・・霊獣を　封印する　かがみじゃと・・・」
zh_txt_f5dfebb1_0004C6_0017	txt_f5dfebb1_0004C6_0017	message	msg/fld/evt/036.m	0x4C6	17	81 75 81 45 81 45 81 45 97 ec 8f 62 82 f0 81 40 95 95 88 f3 82 b7 82 e9 81 40 82 a9 82 aa 82 dd 82 b6 82 e1 82 c6 81 45 81 45 81 45 81 76 03 00	「・・・霊獣を　封印する　かがみじゃと・・・」	封灵兽的镜子                              		translated_aligned	ok	yes		candidate dump; confirm boundary/control codes before baseline freeze	48	17	「霊獣を　封印（ふういん）する　かがみだってばよ！！」	「そうだってばよ！　ジイちゃんは{CTRL_0001}その　かがみの　ことを　しってるんだろ！」
zh_txt_f5dfebb1_00050C_0018	txt_f5dfebb1_00050C_0018	message	msg/fld/evt/036.m	0x50C	18	81 75 82 bb 82 a4 82 be 82 c1 82 c4 82 ce 82 e6 81 49 81 40 83 57 83 43 82 bf 82 e1 82 f1 82 cd 01 00 82 bb 82 cc 81 40 82 a9 82 aa 82 dd 82 cc 81 40 82 b1 82 c6 82 f0 81 40 82 b5 82 c1 82 c4 82 e9 82 f1 82 be 82 eb 81 49 81 76 03 00	「そうだってばよ！　ジイちゃんは{CTRL_0001}その　かがみの　ことを　しってるんだろ！」	对啊老爷爷{CTRL_0001}你知道那镜子吧                                        	CTRL_0001	translated_aligned	ok	yes		candidate dump; confirm boundary/control codes before baseline freeze	78	18	「・・・霊獣を　封印する　かがみじゃと・・・」	「そういえば　ワシが　ちいさいころに{CTRL_0001}ジイさんから　きいたことが　ある・・・」
zh_txt_f5dfebb1_000562_0019	txt_f5dfebb1_000562_0019	message	msg/fld/evt/036.m	0x562	19	81 75 82 bb 82 a4 82 a2 82 a6 82 ce 81 40 83 8f 83 56 82 aa 81 40 82 bf 82 a2 82 b3 82 a2 82 b1 82 eb 82 c9 01 00 83 57 83 43 82 b3 82 f1 82 a9 82 e7 81 40 82 ab 82 a2 82 bd 82 b1 82 c6 82 aa 81 40 82 a0 82 e9 81 45 81 45 81 45 81 76 03 00	「そういえば　ワシが　ちいさいころに{CTRL_0001}ジイさんから　きいたことが　ある・・・」	我小时候{CTRL_0001}听长辈讲过                                                   	CTRL_0001	translated_aligned	ok	yes		candidate dump; confirm boundary/control codes before baseline freeze	80	19	「そうだってばよ！　ジイちゃんは{CTRL_0001}その　かがみの　ことを　しってるんだろ！」	「ホントーか！？　それ！？」
zh_txt_f5dfebb1_0005C6_0020	txt_f5dfebb1_0005C6_0020	message	msg/fld/evt/036.m	0x5C6	20	81 75 83 7a 83 93 83 67 81 5b 82 a9 81 49 81 48 81 40 82 bb 82 ea 81 49 81 48 81 76 03 00	「ホントーか！？　それ！？」	真的！？那事？         		translated_aligned	ok	yes		candidate dump; confirm boundary/control codes before baseline freeze	30	20	「そういえば　ワシが　ちいさいころに{CTRL_0001}ジイさんから　きいたことが　ある・・・」	「うむ　たしか　{CTRL_0103}{CTRL_0002}死（し）のさばく{CTRL_0103}{CTRL_0000}に　かくされてる{CTRL_0001}・・・と　いっておったな」
zh_txt_f5dfebb1_0005EC_0021	txt_f5dfebb1_0005EC_0021	message	msg/fld/evt/036.m	0x5EC	21	81 75 82 a4 82 de 81 40 82 bd 82 b5 82 a9 81 40 03 01 02 00 8e 80 81 69 82 b5 81 6a 82 cc 82 b3 82 ce 82 ad 03 01 00 00 82 c9 81 40 82 a9 82 ad 82 b3 82 ea 82 c4 82 e9 01 00 81 45 81 45 81 45 82 c6 81 40 82 a2 82 c1 82 c4 82 a8 82 c1 82 bd 82 c8 81 76 03 00	「うむ　たしか　{CTRL_0103}{CTRL_0002}死（し）のさばく{CTRL_0103}{CTRL_0000}に　かくされてる{CTRL_0001}・・・と　いっておったな」	嗯我记得在{CTRL_0103}{CTRL_0002}死亡沙漠{CTRL_0103}{CTRL_0000}里{CTRL_0001}藏着                                        	CTRL_0103 CTRL_0002 CTRL_0103 CTRL_0000 CTRL_0001	translated_aligned	ok	yes		candidate dump; confirm boundary/control codes before baseline freeze	86	21	「ホントーか！？　それ！？」	「{CTRL_0103}{CTRL_0002}死のさばく{CTRL_0103}{CTRL_0000}ぅ？」
zh_txt_f5dfebb1_000656_0022	txt_f5dfebb1_000656_0022	message	msg/fld/evt/036.m	0x656	22	81 75 03 01 02 00 8e 80 82 cc 82 b3 82 ce 82 ad 03 01 00 00 82 a3 81 48 81 76 03 00	「{CTRL_0103}{CTRL_0002}死のさばく{CTRL_0103}{CTRL_0000}ぅ？」	{CTRL_0103}{CTRL_0002}死亡沙漠{CTRL_0103}{CTRL_0000}？     	CTRL_0103 CTRL_0002 CTRL_0103 CTRL_0000	translated_aligned	ok	yes		candidate dump; confirm boundary/control codes before baseline freeze	28	22	「うむ　たしか　{CTRL_0103}{CTRL_0002}死（し）のさばく{CTRL_0103}{CTRL_0000}に　かくされてる{CTRL_0001}・・・と　いっておったな」	「なあ　じいさん！　{CTRL_0103}{CTRL_0002}死のさばく{CTRL_0103}{CTRL_0000}の　どこに{CTRL_0001}かがみが　かくされてるか　しってるか？」
zh_txt_f5dfebb1_000686_0023	txt_f5dfebb1_000686_0023	message	msg/fld/evt/036.m	0x686	23	81 75 82 c8 82 a0 81 40 82 b6 82 a2 82 b3 82 f1 81 49 81 40 03 01 02 00 8e 80 82 cc 82 b3 82 ce 82 ad 03 01 00 00 82 cc 81 40 82 c7 82 b1 82 c9 01 00 82 a9 82 aa 82 dd 82 aa 81 40 82 a9 82 ad 82 b3 82 ea 82 c4 82 e9 82 a9 81 40 82 b5 82 c1 82 c4 82 e9 82 a9 81 48 81 76 03 00	「なあ　じいさん！　{CTRL_0103}{CTRL_0002}死のさばく{CTRL_0103}{CTRL_0000}の　どこに{CTRL_0001}かがみが　かくされてるか　しってるか？」	喂老爷爷你知{CTRL_0103}{CTRL_0002}死亡沙漠{CTRL_0103}{CTRL_0000}哪儿{CTRL_0001}藏镜子吗                                  	CTRL_0103 CTRL_0002 CTRL_0103 CTRL_0000 CTRL_0001	translated_aligned	ok	yes		candidate dump; confirm boundary/control codes before baseline freeze	92	23	「{CTRL_0103}{CTRL_0002}死のさばく{CTRL_0103}{CTRL_0000}ぅ？」	「さあのう・・・{CTRL_0001}そこまでは　ワシも　しらんなあ・・・」
zh_txt_f5dfebb1_0006EA_0024	txt_f5dfebb1_0006EA_0024	message	msg/fld/evt/036.m	0x6EA	24	81 75 82 b3 82 a0 82 cc 82 a4 81 45 81 45 81 45 01 00 82 bb 82 b1 82 dc 82 c5 82 cd 81 40 83 8f 83 56 82 e0 81 40 82 b5 82 e7 82 f1 82 c8 82 a0 81 45 81 45 81 45 81 76 03 00	「さあのう・・・{CTRL_0001}そこまでは　ワシも　しらんなあ・・・」	这个嘛{CTRL_0001}我也不清楚                                	CTRL_0001	translated_aligned	ok	yes		candidate dump; confirm boundary/control codes before baseline freeze	58	24	「なあ　じいさん！　{CTRL_0103}{CTRL_0002}死のさばく{CTRL_0103}{CTRL_0000}の　どこに{CTRL_0001}かがみが　かくされてるか　しってるか？」	「どうする　シカマル？」
zh_txt_f5dfebb1_00073A_0025	txt_f5dfebb1_00073A_0025	message	msg/fld/evt/036.m	0x73A	25	81 75 82 c7 82 a4 82 b7 82 e9 81 40 83 56 83 4a 83 7d 83 8b 81 48 81 76 03 00	「どうする　シカマル？」	怎么办鹿丸           		translated_aligned	ok	yes		candidate dump; confirm boundary/control codes before baseline freeze	26	25	「さあのう・・・{CTRL_0001}そこまでは　ワシも　しらんなあ・・・」	「とにかく　{CTRL_0103}{CTRL_0002}死（し）のさばく{CTRL_0103}{CTRL_0000}　と　やらに{CTRL_0001}いくしかねーな」
zh_txt_f5dfebb1_00076A_0026	txt_f5dfebb1_00076A_0026	message	msg/fld/evt/036.m	0x76A	26	81 75 82 c6 82 c9 82 a9 82 ad 81 40 03 01 02 00 8e 80 81 69 82 b5 81 6a 82 cc 82 b3 82 ce 82 ad 03 01 00 00 81 40 82 c6 81 40 82 e2 82 e7 82 c9 01 00 82 a2 82 ad 82 b5 82 a9 82 cb 81 5b 82 c8 81 76 03 00	「とにかく　{CTRL_0103}{CTRL_0002}死（し）のさばく{CTRL_0103}{CTRL_0000}　と　やらに{CTRL_0001}いくしかねーな」	总之只好去{CTRL_0103}{CTRL_0002}死亡沙漠{CTRL_0103}{CTRL_0000}{CTRL_0001}                               	CTRL_0103 CTRL_0002 CTRL_0103 CTRL_0000 CTRL_0001	translated_aligned	ok	yes		candidate dump; confirm boundary/control codes before baseline freeze	68	26	「どうする　シカマル？」	「この　おおきな　岩が　じゃまで{CTRL_0001}すすめないってばよ！」
